(kicad_pcb (version 20171130) (host pcbnew 5.0.2+dfsg1-1)

  (general
    (thickness 1.6)
    (drawings 5)
    (tracks 345)
    (zones 0)
    (modules 46)
    (nets 49)
  )

  (page A4)
  (title_block
    (title Biky)
    (date 2021-11-25)
    (rev 1)
    (company ecliptic)
    (comment 1 "pbc mark1")
  )

  (layers
    (0 F.Cu signal)
    (31 B.Cu signal)
    (32 B.Adhes user)
    (33 F.Adhes user)
    (34 B.Paste user)
    (35 F.Paste user)
    (36 B.SilkS user)
    (37 F.SilkS user)
    (38 B.Mask user)
    (39 F.Mask user)
    (40 Dwgs.User user)
    (41 Cmts.User user)
    (42 Eco1.User user)
    (43 Eco2.User user)
    (44 Edge.Cuts user)
    (45 Margin user)
    (46 B.CrtYd user)
    (47 F.CrtYd user)
    (48 B.Fab user)
    (49 F.Fab user)
  )

  (setup
    (last_trace_width 0.25)
    (trace_clearance 0.2)
    (zone_clearance 0.508)
    (zone_45_only no)
    (trace_min 0.2)
    (segment_width 0.2)
    (edge_width 0.15)
    (via_size 0.8)
    (via_drill 0.4)
    (via_min_size 0.4)
    (via_min_drill 0.3)
    (uvia_size 0.3)
    (uvia_drill 0.1)
    (uvias_allowed no)
    (uvia_min_size 0.2)
    (uvia_min_drill 0.1)
    (pcb_text_width 0.3)
    (pcb_text_size 1.5 1.5)
    (mod_edge_width 0.15)
    (mod_text_size 1 1)
    (mod_text_width 0.15)
    (pad_size 1.524 1.524)
    (pad_drill 0.762)
    (pad_to_mask_clearance 0.051)
    (solder_mask_min_width 0.25)
    (aux_axis_origin 0 0)
    (grid_origin 82.967 71.748)
    (visible_elements FFFFFF7F)
    (pcbplotparams
      (layerselection 0x010fc_ffffffff)
      (usegerberextensions false)
      (usegerberattributes false)
      (usegerberadvancedattributes false)
      (creategerberjobfile false)
      (excludeedgelayer true)
      (linewidth 0.100000)
      (plotframeref false)
      (viasonmask false)
      (mode 1)
      (useauxorigin false)
      (hpglpennumber 1)
      (hpglpenspeed 20)
      (hpglpendiameter 15.000000)
      (psnegative false)
      (psa4output false)
      (plotreference true)
      (plotvalue true)
      (plotinvisibletext false)
      (padsonsilk false)
      (subtractmaskfromsilk false)
      (outputformat 1)
      (mirror false)
      (drillshape 0)
      (scaleselection 1)
      (outputdirectory "/home/parsec/Work/biky/PCB/gerber/"))
  )

  (net 0 "")
  (net 1 "Net-(A1-Pad1)")
  (net 2 "Net-(A1-Pad2)")
  (net 3 "Net-(A1-Pad18)")
  (net 4 "Net-(A1-Pad3)")
  (net 5 /Leftswitch)
  (net 6 GND)
  (net 7 /Rightswitch)
  (net 8 "Net-(A1-Pad5)")
  (net 9 /Segment1)
  (net 10 /PWM1)
  (net 11 /Segment2)
  (net 12 "Net-(A1-Pad7)")
  (net 13 /BrakeON)
  (net 14 /PWM2)
  (net 15 /BrakeSense)
  (net 16 /PWM3)
  (net 17 "Net-(A1-Pad25)")
  (net 18 "Net-(A1-Pad10)")
  (net 19 "Net-(A1-Pad26)")
  (net 20 "Net-(A1-Pad11)")
  (net 21 +5V)
  (net 22 /PWM4)
  (net 23 "Net-(A1-Pad28)")
  (net 24 /PWM5)
  (net 25 /PWM6)
  (net 26 VDD)
  (net 27 "Net-(A1-Pad15)")
  (net 28 "Net-(A1-Pad16)")
  (net 29 "Net-(D1-Pad1)")
  (net 30 "Net-(D1-Pad2)")
  (net 31 "Net-(D2-Pad2)")
  (net 32 "Net-(D3-Pad2)")
  (net 33 "Net-(D10-Pad2)")
  (net 34 "Net-(D11-Pad2)")
  (net 35 "Net-(D12-Pad2)")
  (net 36 "Net-(D10-Pad1)")
  (net 37 "Net-(D13-Pad1)")
  (net 38 "Net-(D16-Pad1)")
  (net 39 /Dynamo+)
  (net 40 /Dynamo-)
  (net 41 /LightButtonLeft)
  (net 42 /LightButtonRigh)
  (net 43 "Net-(J1-Pad10)")
  (net 44 "Net-(Q1-Pad2)")
  (net 45 "Net-(Q2-Pad2)")
  (net 46 "Net-(Q3-Pad3)")
  (net 47 "Net-(Q3-Pad2)")
  (net 48 "Net-(A1-Pad17)")

  (net_class Default "This is the default net class."
    (clearance 0.2)
    (trace_width 0.25)
    (via_dia 0.8)
    (via_drill 0.4)
    (uvia_dia 0.3)
    (uvia_drill 0.1)
    (add_net +5V)
    (add_net /BrakeON)
    (add_net /BrakeSense)
    (add_net /Dynamo+)
    (add_net /Dynamo-)
    (add_net /Leftswitch)
    (add_net /LightButtonLeft)
    (add_net /LightButtonRigh)
    (add_net /PWM1)
    (add_net /PWM2)
    (add_net /PWM3)
    (add_net /PWM4)
    (add_net /PWM5)
    (add_net /PWM6)
    (add_net /Rightswitch)
    (add_net /Segment1)
    (add_net /Segment2)
    (add_net GND)
    (add_net "Net-(A1-Pad1)")
    (add_net "Net-(A1-Pad10)")
    (add_net "Net-(A1-Pad11)")
    (add_net "Net-(A1-Pad15)")
    (add_net "Net-(A1-Pad16)")
    (add_net "Net-(A1-Pad17)")
    (add_net "Net-(A1-Pad18)")
    (add_net "Net-(A1-Pad2)")
    (add_net "Net-(A1-Pad25)")
    (add_net "Net-(A1-Pad26)")
    (add_net "Net-(A1-Pad28)")
    (add_net "Net-(A1-Pad3)")
    (add_net "Net-(A1-Pad5)")
    (add_net "Net-(A1-Pad7)")
    (add_net "Net-(D1-Pad1)")
    (add_net "Net-(D1-Pad2)")
    (add_net "Net-(D10-Pad1)")
    (add_net "Net-(D10-Pad2)")
    (add_net "Net-(D11-Pad2)")
    (add_net "Net-(D12-Pad2)")
    (add_net "Net-(D13-Pad1)")
    (add_net "Net-(D16-Pad1)")
    (add_net "Net-(D2-Pad2)")
    (add_net "Net-(D3-Pad2)")
    (add_net "Net-(J1-Pad10)")
    (add_net "Net-(Q1-Pad2)")
    (add_net "Net-(Q2-Pad2)")
    (add_net "Net-(Q3-Pad2)")
    (add_net "Net-(Q3-Pad3)")
    (add_net VDD)
  )

  (module Connector_PinHeader_1.00mm:PinHeader_2x05_P1.00mm_Vertical (layer F.Cu) (tedit 61A7AAB0) (tstamp 61B43E56)
    (at 200.967 80.498)
    (descr "Through hole straight pin header, 2x05, 1.00mm pitch, double rows")
    (tags "Through hole pin header THT 2x05 1.00mm double row")
    (path /61AA9CCB)
    (fp_text reference J1 (at 0.5 -1.56) (layer F.SilkS)
      (effects (font (size 1 1) (thickness 0.15)))
    )
    (fp_text value Conn_02x05_Odd_Even (at 0.5 5.56) (layer F.Fab)
      (effects (font (size 1 1) (thickness 0.15)))
    )
    (fp_line (start -0.075 -0.5) (end 1.65 -0.5) (layer F.Fab) (width 0.1))
    (fp_line (start 1.65 -0.5) (end 1.65 4.5) (layer F.Fab) (width 0.1))
    (fp_line (start 1.65 4.5) (end -0.65 4.5) (layer F.Fab) (width 0.1))
    (fp_line (start -0.65 4.5) (end -0.65 0.075) (layer F.Fab) (width 0.1))
    (fp_line (start -0.65 0.075) (end -0.075 -0.5) (layer F.Fab) (width 0.1))
    (fp_line (start -0.71 4.56) (end -0.394493 4.56) (layer F.SilkS) (width 0.12))
    (fp_line (start 1.394493 4.56) (end 1.71 4.56) (layer F.SilkS) (width 0.12))
    (fp_line (start 0.394493 4.56) (end 0.605507 4.56) (layer F.SilkS) (width 0.12))
    (fp_line (start -0.71 0.685) (end -0.71 4.56) (layer F.SilkS) (width 0.12))
    (fp_line (start 1.71 -0.56) (end 1.71 4.56) (layer F.SilkS) (width 0.12))
    (fp_line (start -0.71 0.685) (end -0.608276 0.685) (layer F.SilkS) (width 0.12))
    (fp_line (start 1.394493 -0.56) (end 1.71 -0.56) (layer F.SilkS) (width 0.12))
    (fp_line (start -0.71 0) (end -0.71 -0.685) (layer F.SilkS) (width 0.12))
    (fp_line (start -0.71 -0.685) (end 0 -0.685) (layer F.SilkS) (width 0.12))
    (fp_line (start -1.15 -1) (end -1.15 5) (layer F.CrtYd) (width 0.05))
    (fp_line (start -1.15 5) (end 2.15 5) (layer F.CrtYd) (width 0.05))
    (fp_line (start 2.15 5) (end 2.15 -1) (layer F.CrtYd) (width 0.05))
    (fp_line (start 2.15 -1) (end -1.15 -1) (layer F.CrtYd) (width 0.05))
    (fp_text user %R (at 0.5 2 90) (layer F.Fab)
      (effects (font (size 1 1) (thickness 0.15)))
    )
    (pad 1 thru_hole rect (at 0 0) (size 0.85 0.85) (drill 0.5) (layers *.Cu *.Mask)
      (net 39 /Dynamo+))
    (pad 2 thru_hole oval (at 1 0) (size 0.85 0.85) (drill 0.5) (layers *.Cu *.Mask)
      (net 40 /Dynamo-))
    (pad 3 thru_hole oval (at 0 1) (size 0.85 0.85) (drill 0.5) (layers *.Cu *.Mask)
      (net 6 GND))
    (pad 4 thru_hole oval (at 1 1) (size 0.85 0.85) (drill 0.5) (layers *.Cu *.Mask)
      (net 21 +5V))
    (pad 5 thru_hole oval (at 0 2) (size 0.85 0.85) (drill 0.5) (layers *.Cu *.Mask)
      (net 41 /LightButtonLeft))
    (pad 6 thru_hole oval (at 1 2) (size 0.85 0.85) (drill 0.5) (layers *.Cu *.Mask)
      (net 42 /LightButtonRigh))
    (pad 7 thru_hole oval (at 0 3) (size 0.85 0.85) (drill 0.5) (layers *.Cu *.Mask)
      (net 15 /BrakeSense))
    (pad 8 thru_hole oval (at 1 3) (size 0.85 0.85) (drill 0.5) (layers *.Cu *.Mask)
      (net 7 /Rightswitch))
    (pad 9 thru_hole oval (at 0 4) (size 0.85 0.85) (drill 0.5) (layers *.Cu *.Mask)
      (net 5 /Leftswitch))
    (pad 10 thru_hole oval (at 1 4) (size 0.85 0.85) (drill 0.5) (layers *.Cu *.Mask)
      (net 43 "Net-(J1-Pad10)"))
    (model ${KISYS3DMOD}/Connector_PinHeader_1.00mm.3dshapes/PinHeader_2x05_P1.00mm_Vertical.wrl
      (at (xyz 0 0 0))
      (scale (xyz 1 1 1))
      (rotate (xyz 0 0 0))
    )
  )

  (module biky:Supercap (layer F.Cu) (tedit 619F7AC1) (tstamp 61CEFCAA)
    (at 172.717 88.748 180)
    (path /61A5A23A/61A5AE50)
    (fp_text reference C1 (at 9.5 0.25 180) (layer F.SilkS)
      (effects (font (size 1 1) (thickness 0.15)))
    )
    (fp_text value 1F (at 0 -0.5 180) (layer F.Fab)
      (effects (font (size 1 1) (thickness 0.15)))
    )
    (fp_circle (center 8.89 0) (end 17.89 0) (layer F.SilkS) (width 0.15))
    (pad 2 thru_hole circle (at 17.78 0 180) (size 2.5 2.5) (drill 1) (layers *.Cu *.Mask)
      (net 6 GND))
    (pad 1 thru_hole circle (at 0 0 180) (size 2.5 2.5) (drill 1) (layers *.Cu *.Mask)
      (net 21 +5V))
  )

  (module LED_THT:LED_D3.0mm (layer F.Cu) (tedit 587A3A7B) (tstamp 61C3C39A)
    (at 129.449 74.923 270)
    (descr "LED, diameter 3.0mm, 2 pins")
    (tags "LED diameter 3.0mm 2 pins")
    (path /619D4948)
    (fp_text reference D5 (at 1.27 -2.96 270) (layer F.SilkS)
      (effects (font (size 1 1) (thickness 0.15)))
    )
    (fp_text value yellow (at 1.27 2.96 270) (layer F.Fab)
      (effects (font (size 1 1) (thickness 0.15)))
    )
    (fp_arc (start 1.27 0) (end -0.23 -1.16619) (angle 284.3) (layer F.Fab) (width 0.1))
    (fp_arc (start 1.27 0) (end -0.29 -1.235516) (angle 108.8) (layer F.SilkS) (width 0.12))
    (fp_arc (start 1.27 0) (end -0.29 1.235516) (angle -108.8) (layer F.SilkS) (width 0.12))
    (fp_arc (start 1.27 0) (end 0.229039 -1.08) (angle 87.9) (layer F.SilkS) (width 0.12))
    (fp_arc (start 1.27 0) (end 0.229039 1.08) (angle -87.9) (layer F.SilkS) (width 0.12))
    (fp_circle (center 1.27 0) (end 2.77 0) (layer F.Fab) (width 0.1))
    (fp_line (start -0.23 -1.16619) (end -0.23 1.16619) (layer F.Fab) (width 0.1))
    (fp_line (start -0.29 -1.236) (end -0.29 -1.08) (layer F.SilkS) (width 0.12))
    (fp_line (start -0.29 1.08) (end -0.29 1.236) (layer F.SilkS) (width 0.12))
    (fp_line (start -1.15 -2.25) (end -1.15 2.25) (layer F.CrtYd) (width 0.05))
    (fp_line (start -1.15 2.25) (end 3.7 2.25) (layer F.CrtYd) (width 0.05))
    (fp_line (start 3.7 2.25) (end 3.7 -2.25) (layer F.CrtYd) (width 0.05))
    (fp_line (start 3.7 -2.25) (end -1.15 -2.25) (layer F.CrtYd) (width 0.05))
    (pad 1 thru_hole rect (at 0 0 270) (size 1.8 1.8) (drill 0.9) (layers *.Cu *.Mask)
      (net 29 "Net-(D1-Pad1)"))
    (pad 2 thru_hole circle (at 2.54 0 270) (size 1.8 1.8) (drill 0.9) (layers *.Cu *.Mask)
      (net 34 "Net-(D11-Pad2)"))
    (model ${KISYS3DMOD}/LED_THT.3dshapes/LED_D3.0mm.wrl
      (at (xyz 0 0 0))
      (scale (xyz 1 1 1))
      (rotate (xyz 0 0 0))
    )
  )

  (module LED_THT:LED_D3.0mm (layer F.Cu) (tedit 587A3A7B) (tstamp 61C3C388)
    (at 139.99 74.923 270)
    (descr "LED, diameter 3.0mm, 2 pins")
    (tags "LED diameter 3.0mm 2 pins")
    (path /619D493A)
    (fp_text reference D6 (at 1.27 -2.96 270) (layer F.SilkS)
      (effects (font (size 1 1) (thickness 0.15)))
    )
    (fp_text value yellow (at 1.27 2.96 270) (layer F.Fab)
      (effects (font (size 1 1) (thickness 0.15)))
    )
    (fp_line (start 3.7 -2.25) (end -1.15 -2.25) (layer F.CrtYd) (width 0.05))
    (fp_line (start 3.7 2.25) (end 3.7 -2.25) (layer F.CrtYd) (width 0.05))
    (fp_line (start -1.15 2.25) (end 3.7 2.25) (layer F.CrtYd) (width 0.05))
    (fp_line (start -1.15 -2.25) (end -1.15 2.25) (layer F.CrtYd) (width 0.05))
    (fp_line (start -0.29 1.08) (end -0.29 1.236) (layer F.SilkS) (width 0.12))
    (fp_line (start -0.29 -1.236) (end -0.29 -1.08) (layer F.SilkS) (width 0.12))
    (fp_line (start -0.23 -1.16619) (end -0.23 1.16619) (layer F.Fab) (width 0.1))
    (fp_circle (center 1.27 0) (end 2.77 0) (layer F.Fab) (width 0.1))
    (fp_arc (start 1.27 0) (end 0.229039 1.08) (angle -87.9) (layer F.SilkS) (width 0.12))
    (fp_arc (start 1.27 0) (end 0.229039 -1.08) (angle 87.9) (layer F.SilkS) (width 0.12))
    (fp_arc (start 1.27 0) (end -0.29 1.235516) (angle -108.8) (layer F.SilkS) (width 0.12))
    (fp_arc (start 1.27 0) (end -0.29 -1.235516) (angle 108.8) (layer F.SilkS) (width 0.12))
    (fp_arc (start 1.27 0) (end -0.23 -1.16619) (angle 284.3) (layer F.Fab) (width 0.1))
    (pad 2 thru_hole circle (at 2.54 0 270) (size 1.8 1.8) (drill 0.9) (layers *.Cu *.Mask)
      (net 35 "Net-(D12-Pad2)"))
    (pad 1 thru_hole rect (at 0 0 270) (size 1.8 1.8) (drill 0.9) (layers *.Cu *.Mask)
      (net 29 "Net-(D1-Pad1)"))
    (model ${KISYS3DMOD}/LED_THT.3dshapes/LED_D3.0mm.wrl
      (at (xyz 0 0 0))
      (scale (xyz 1 1 1))
      (rotate (xyz 0 0 0))
    )
  )

  (module LED_THT:LED_D3.0mm (layer F.Cu) (tedit 587A3A7B) (tstamp 61C3C376)
    (at 108.367 74.923 270)
    (descr "LED, diameter 3.0mm, 2 pins")
    (tags "LED diameter 3.0mm 2 pins")
    (path /619D46B8)
    (fp_text reference D3 (at 1.27 -2.96 270) (layer F.SilkS)
      (effects (font (size 1 1) (thickness 0.15)))
    )
    (fp_text value yellow (at 1.27 2.96 270) (layer F.Fab)
      (effects (font (size 1 1) (thickness 0.15)))
    )
    (fp_arc (start 1.27 0) (end -0.23 -1.16619) (angle 284.3) (layer F.Fab) (width 0.1))
    (fp_arc (start 1.27 0) (end -0.29 -1.235516) (angle 108.8) (layer F.SilkS) (width 0.12))
    (fp_arc (start 1.27 0) (end -0.29 1.235516) (angle -108.8) (layer F.SilkS) (width 0.12))
    (fp_arc (start 1.27 0) (end 0.229039 -1.08) (angle 87.9) (layer F.SilkS) (width 0.12))
    (fp_arc (start 1.27 0) (end 0.229039 1.08) (angle -87.9) (layer F.SilkS) (width 0.12))
    (fp_circle (center 1.27 0) (end 2.77 0) (layer F.Fab) (width 0.1))
    (fp_line (start -0.23 -1.16619) (end -0.23 1.16619) (layer F.Fab) (width 0.1))
    (fp_line (start -0.29 -1.236) (end -0.29 -1.08) (layer F.SilkS) (width 0.12))
    (fp_line (start -0.29 1.08) (end -0.29 1.236) (layer F.SilkS) (width 0.12))
    (fp_line (start -1.15 -2.25) (end -1.15 2.25) (layer F.CrtYd) (width 0.05))
    (fp_line (start -1.15 2.25) (end 3.7 2.25) (layer F.CrtYd) (width 0.05))
    (fp_line (start 3.7 2.25) (end 3.7 -2.25) (layer F.CrtYd) (width 0.05))
    (fp_line (start 3.7 -2.25) (end -1.15 -2.25) (layer F.CrtYd) (width 0.05))
    (pad 1 thru_hole rect (at 0 0 270) (size 1.8 1.8) (drill 0.9) (layers *.Cu *.Mask)
      (net 29 "Net-(D1-Pad1)"))
    (pad 2 thru_hole circle (at 2.54 0 270) (size 1.8 1.8) (drill 0.9) (layers *.Cu *.Mask)
      (net 32 "Net-(D3-Pad2)"))
    (model ${KISYS3DMOD}/LED_THT.3dshapes/LED_D3.0mm.wrl
      (at (xyz 0 0 0))
      (scale (xyz 1 1 1))
      (rotate (xyz 0 0 0))
    )
  )

  (module LED_THT:LED_D3.0mm (layer F.Cu) (tedit 587A3A7B) (tstamp 61C3C364)
    (at 97.826 74.923 270)
    (descr "LED, diameter 3.0mm, 2 pins")
    (tags "LED diameter 3.0mm 2 pins")
    (path /619D461F)
    (fp_text reference D2 (at 1.27 -2.96 270) (layer F.SilkS)
      (effects (font (size 1 1) (thickness 0.15)))
    )
    (fp_text value yellow (at 1.27 2.96 270) (layer F.Fab)
      (effects (font (size 1 1) (thickness 0.15)))
    )
    (fp_line (start 3.7 -2.25) (end -1.15 -2.25) (layer F.CrtYd) (width 0.05))
    (fp_line (start 3.7 2.25) (end 3.7 -2.25) (layer F.CrtYd) (width 0.05))
    (fp_line (start -1.15 2.25) (end 3.7 2.25) (layer F.CrtYd) (width 0.05))
    (fp_line (start -1.15 -2.25) (end -1.15 2.25) (layer F.CrtYd) (width 0.05))
    (fp_line (start -0.29 1.08) (end -0.29 1.236) (layer F.SilkS) (width 0.12))
    (fp_line (start -0.29 -1.236) (end -0.29 -1.08) (layer F.SilkS) (width 0.12))
    (fp_line (start -0.23 -1.16619) (end -0.23 1.16619) (layer F.Fab) (width 0.1))
    (fp_circle (center 1.27 0) (end 2.77 0) (layer F.Fab) (width 0.1))
    (fp_arc (start 1.27 0) (end 0.229039 1.08) (angle -87.9) (layer F.SilkS) (width 0.12))
    (fp_arc (start 1.27 0) (end 0.229039 -1.08) (angle 87.9) (layer F.SilkS) (width 0.12))
    (fp_arc (start 1.27 0) (end -0.29 1.235516) (angle -108.8) (layer F.SilkS) (width 0.12))
    (fp_arc (start 1.27 0) (end -0.29 -1.235516) (angle 108.8) (layer F.SilkS) (width 0.12))
    (fp_arc (start 1.27 0) (end -0.23 -1.16619) (angle 284.3) (layer F.Fab) (width 0.1))
    (pad 2 thru_hole circle (at 2.54 0 270) (size 1.8 1.8) (drill 0.9) (layers *.Cu *.Mask)
      (net 31 "Net-(D2-Pad2)"))
    (pad 1 thru_hole rect (at 0 0 270) (size 1.8 1.8) (drill 0.9) (layers *.Cu *.Mask)
      (net 29 "Net-(D1-Pad1)"))
    (model ${KISYS3DMOD}/LED_THT.3dshapes/LED_D3.0mm.wrl
      (at (xyz 0 0 0))
      (scale (xyz 1 1 1))
      (rotate (xyz 0 0 0))
    )
  )

  (module LED_THT:LED_D3.0mm (layer F.Cu) (tedit 587A3A7B) (tstamp 61C3C352)
    (at 87.249 74.93 270)
    (descr "LED, diameter 3.0mm, 2 pins")
    (tags "LED diameter 3.0mm 2 pins")
    (path /619D459A)
    (fp_text reference D1 (at 1.27 -2.96 270) (layer F.SilkS)
      (effects (font (size 1 1) (thickness 0.15)))
    )
    (fp_text value yellow (at 1.27 2.96 270) (layer F.Fab)
      (effects (font (size 1 1) (thickness 0.15)))
    )
    (fp_arc (start 1.27 0) (end -0.23 -1.16619) (angle 284.3) (layer F.Fab) (width 0.1))
    (fp_arc (start 1.27 0) (end -0.29 -1.235516) (angle 108.8) (layer F.SilkS) (width 0.12))
    (fp_arc (start 1.27 0) (end -0.29 1.235516) (angle -108.8) (layer F.SilkS) (width 0.12))
    (fp_arc (start 1.27 0) (end 0.229039 -1.08) (angle 87.9) (layer F.SilkS) (width 0.12))
    (fp_arc (start 1.27 0) (end 0.229039 1.08) (angle -87.9) (layer F.SilkS) (width 0.12))
    (fp_circle (center 1.27 0) (end 2.77 0) (layer F.Fab) (width 0.1))
    (fp_line (start -0.23 -1.16619) (end -0.23 1.16619) (layer F.Fab) (width 0.1))
    (fp_line (start -0.29 -1.236) (end -0.29 -1.08) (layer F.SilkS) (width 0.12))
    (fp_line (start -0.29 1.08) (end -0.29 1.236) (layer F.SilkS) (width 0.12))
    (fp_line (start -1.15 -2.25) (end -1.15 2.25) (layer F.CrtYd) (width 0.05))
    (fp_line (start -1.15 2.25) (end 3.7 2.25) (layer F.CrtYd) (width 0.05))
    (fp_line (start 3.7 2.25) (end 3.7 -2.25) (layer F.CrtYd) (width 0.05))
    (fp_line (start 3.7 -2.25) (end -1.15 -2.25) (layer F.CrtYd) (width 0.05))
    (pad 1 thru_hole rect (at 0 0 270) (size 1.8 1.8) (drill 0.9) (layers *.Cu *.Mask)
      (net 29 "Net-(D1-Pad1)"))
    (pad 2 thru_hole circle (at 2.54 0 270) (size 1.8 1.8) (drill 0.9) (layers *.Cu *.Mask)
      (net 30 "Net-(D1-Pad2)"))
    (model ${KISYS3DMOD}/LED_THT.3dshapes/LED_D3.0mm.wrl
      (at (xyz 0 0 0))
      (scale (xyz 1 1 1))
      (rotate (xyz 0 0 0))
    )
  )

  (module LED_THT:LED_D3.0mm (layer F.Cu) (tedit 587A3A7B) (tstamp 61C3CEDC)
    (at 203.327 100.33 270)
    (descr "LED, diameter 3.0mm, 2 pins")
    (tags "LED diameter 3.0mm 2 pins")
    (path /61A0803F)
    (fp_text reference D15 (at 1.27 -2.96 270) (layer F.SilkS)
      (effects (font (size 1 1) (thickness 0.15)))
    )
    (fp_text value red (at 1.27 2.96 270) (layer F.Fab)
      (effects (font (size 1 1) (thickness 0.15)))
    )
    (fp_line (start 3.7 -2.25) (end -1.15 -2.25) (layer F.CrtYd) (width 0.05))
    (fp_line (start 3.7 2.25) (end 3.7 -2.25) (layer F.CrtYd) (width 0.05))
    (fp_line (start -1.15 2.25) (end 3.7 2.25) (layer F.CrtYd) (width 0.05))
    (fp_line (start -1.15 -2.25) (end -1.15 2.25) (layer F.CrtYd) (width 0.05))
    (fp_line (start -0.29 1.08) (end -0.29 1.236) (layer F.SilkS) (width 0.12))
    (fp_line (start -0.29 -1.236) (end -0.29 -1.08) (layer F.SilkS) (width 0.12))
    (fp_line (start -0.23 -1.16619) (end -0.23 1.16619) (layer F.Fab) (width 0.1))
    (fp_circle (center 1.27 0) (end 2.77 0) (layer F.Fab) (width 0.1))
    (fp_arc (start 1.27 0) (end 0.229039 1.08) (angle -87.9) (layer F.SilkS) (width 0.12))
    (fp_arc (start 1.27 0) (end 0.229039 -1.08) (angle 87.9) (layer F.SilkS) (width 0.12))
    (fp_arc (start 1.27 0) (end -0.29 1.235516) (angle -108.8) (layer F.SilkS) (width 0.12))
    (fp_arc (start 1.27 0) (end -0.29 -1.235516) (angle 108.8) (layer F.SilkS) (width 0.12))
    (fp_arc (start 1.27 0) (end -0.23 -1.16619) (angle 284.3) (layer F.Fab) (width 0.1))
    (pad 2 thru_hole circle (at 2.54 0 270) (size 1.8 1.8) (drill 0.9) (layers *.Cu *.Mask)
      (net 21 +5V))
    (pad 1 thru_hole rect (at 0 0 270) (size 1.8 1.8) (drill 0.9) (layers *.Cu *.Mask)
      (net 37 "Net-(D13-Pad1)"))
    (model ${KISYS3DMOD}/LED_THT.3dshapes/LED_D3.0mm.wrl
      (at (xyz 0 0 0))
      (scale (xyz 1 1 1))
      (rotate (xyz 0 0 0))
    )
  )

  (module LED_THT:LED_D3.0mm (layer F.Cu) (tedit 587A3A7B) (tstamp 61C3C32E)
    (at 150.531 74.923 270)
    (descr "LED, diameter 3.0mm, 2 pins")
    (tags "LED diameter 3.0mm 2 pins")
    (path /619D4933)
    (fp_text reference D7 (at 1.27 -2.96 270) (layer F.SilkS)
      (effects (font (size 1 1) (thickness 0.15)))
    )
    (fp_text value yellow (at 1.27 2.96 270) (layer F.Fab)
      (effects (font (size 1 1) (thickness 0.15)))
    )
    (fp_arc (start 1.27 0) (end -0.23 -1.16619) (angle 284.3) (layer F.Fab) (width 0.1))
    (fp_arc (start 1.27 0) (end -0.29 -1.235516) (angle 108.8) (layer F.SilkS) (width 0.12))
    (fp_arc (start 1.27 0) (end -0.29 1.235516) (angle -108.8) (layer F.SilkS) (width 0.12))
    (fp_arc (start 1.27 0) (end 0.229039 -1.08) (angle 87.9) (layer F.SilkS) (width 0.12))
    (fp_arc (start 1.27 0) (end 0.229039 1.08) (angle -87.9) (layer F.SilkS) (width 0.12))
    (fp_circle (center 1.27 0) (end 2.77 0) (layer F.Fab) (width 0.1))
    (fp_line (start -0.23 -1.16619) (end -0.23 1.16619) (layer F.Fab) (width 0.1))
    (fp_line (start -0.29 -1.236) (end -0.29 -1.08) (layer F.SilkS) (width 0.12))
    (fp_line (start -0.29 1.08) (end -0.29 1.236) (layer F.SilkS) (width 0.12))
    (fp_line (start -1.15 -2.25) (end -1.15 2.25) (layer F.CrtYd) (width 0.05))
    (fp_line (start -1.15 2.25) (end 3.7 2.25) (layer F.CrtYd) (width 0.05))
    (fp_line (start 3.7 2.25) (end 3.7 -2.25) (layer F.CrtYd) (width 0.05))
    (fp_line (start 3.7 -2.25) (end -1.15 -2.25) (layer F.CrtYd) (width 0.05))
    (pad 1 thru_hole rect (at 0 0 270) (size 1.8 1.8) (drill 0.9) (layers *.Cu *.Mask)
      (net 36 "Net-(D10-Pad1)"))
    (pad 2 thru_hole circle (at 2.54 0 270) (size 1.8 1.8) (drill 0.9) (layers *.Cu *.Mask)
      (net 30 "Net-(D1-Pad2)"))
    (model ${KISYS3DMOD}/LED_THT.3dshapes/LED_D3.0mm.wrl
      (at (xyz 0 0 0))
      (scale (xyz 1 1 1))
      (rotate (xyz 0 0 0))
    )
  )

  (module LED_THT:LED_D3.0mm (layer F.Cu) (tedit 587A3A7B) (tstamp 61C3C31C)
    (at 161.072 74.923 270)
    (descr "LED, diameter 3.0mm, 2 pins")
    (tags "LED diameter 3.0mm 2 pins")
    (path /619D4941)
    (fp_text reference D8 (at 1.27 -2.96 270) (layer F.SilkS)
      (effects (font (size 1 1) (thickness 0.15)))
    )
    (fp_text value yellow (at 1.27 2.96 270) (layer F.Fab)
      (effects (font (size 1 1) (thickness 0.15)))
    )
    (fp_line (start 3.7 -2.25) (end -1.15 -2.25) (layer F.CrtYd) (width 0.05))
    (fp_line (start 3.7 2.25) (end 3.7 -2.25) (layer F.CrtYd) (width 0.05))
    (fp_line (start -1.15 2.25) (end 3.7 2.25) (layer F.CrtYd) (width 0.05))
    (fp_line (start -1.15 -2.25) (end -1.15 2.25) (layer F.CrtYd) (width 0.05))
    (fp_line (start -0.29 1.08) (end -0.29 1.236) (layer F.SilkS) (width 0.12))
    (fp_line (start -0.29 -1.236) (end -0.29 -1.08) (layer F.SilkS) (width 0.12))
    (fp_line (start -0.23 -1.16619) (end -0.23 1.16619) (layer F.Fab) (width 0.1))
    (fp_circle (center 1.27 0) (end 2.77 0) (layer F.Fab) (width 0.1))
    (fp_arc (start 1.27 0) (end 0.229039 1.08) (angle -87.9) (layer F.SilkS) (width 0.12))
    (fp_arc (start 1.27 0) (end 0.229039 -1.08) (angle 87.9) (layer F.SilkS) (width 0.12))
    (fp_arc (start 1.27 0) (end -0.29 1.235516) (angle -108.8) (layer F.SilkS) (width 0.12))
    (fp_arc (start 1.27 0) (end -0.29 -1.235516) (angle 108.8) (layer F.SilkS) (width 0.12))
    (fp_arc (start 1.27 0) (end -0.23 -1.16619) (angle 284.3) (layer F.Fab) (width 0.1))
    (pad 2 thru_hole circle (at 2.54 0 270) (size 1.8 1.8) (drill 0.9) (layers *.Cu *.Mask)
      (net 31 "Net-(D2-Pad2)"))
    (pad 1 thru_hole rect (at 0 0 270) (size 1.8 1.8) (drill 0.9) (layers *.Cu *.Mask)
      (net 36 "Net-(D10-Pad1)"))
    (model ${KISYS3DMOD}/LED_THT.3dshapes/LED_D3.0mm.wrl
      (at (xyz 0 0 0))
      (scale (xyz 1 1 1))
      (rotate (xyz 0 0 0))
    )
  )

  (module LED_THT:LED_D3.0mm (layer F.Cu) (tedit 587A3A7B) (tstamp 61C3C30A)
    (at 171.613 74.923 270)
    (descr "LED, diameter 3.0mm, 2 pins")
    (tags "LED diameter 3.0mm 2 pins")
    (path /619DDD81)
    (fp_text reference D9 (at 1.27 -2.96 270) (layer F.SilkS)
      (effects (font (size 1 1) (thickness 0.15)))
    )
    (fp_text value yellow (at 1.27 2.96 270) (layer F.Fab)
      (effects (font (size 1 1) (thickness 0.15)))
    )
    (fp_arc (start 1.27 0) (end -0.23 -1.16619) (angle 284.3) (layer F.Fab) (width 0.1))
    (fp_arc (start 1.27 0) (end -0.29 -1.235516) (angle 108.8) (layer F.SilkS) (width 0.12))
    (fp_arc (start 1.27 0) (end -0.29 1.235516) (angle -108.8) (layer F.SilkS) (width 0.12))
    (fp_arc (start 1.27 0) (end 0.229039 -1.08) (angle 87.9) (layer F.SilkS) (width 0.12))
    (fp_arc (start 1.27 0) (end 0.229039 1.08) (angle -87.9) (layer F.SilkS) (width 0.12))
    (fp_circle (center 1.27 0) (end 2.77 0) (layer F.Fab) (width 0.1))
    (fp_line (start -0.23 -1.16619) (end -0.23 1.16619) (layer F.Fab) (width 0.1))
    (fp_line (start -0.29 -1.236) (end -0.29 -1.08) (layer F.SilkS) (width 0.12))
    (fp_line (start -0.29 1.08) (end -0.29 1.236) (layer F.SilkS) (width 0.12))
    (fp_line (start -1.15 -2.25) (end -1.15 2.25) (layer F.CrtYd) (width 0.05))
    (fp_line (start -1.15 2.25) (end 3.7 2.25) (layer F.CrtYd) (width 0.05))
    (fp_line (start 3.7 2.25) (end 3.7 -2.25) (layer F.CrtYd) (width 0.05))
    (fp_line (start 3.7 -2.25) (end -1.15 -2.25) (layer F.CrtYd) (width 0.05))
    (pad 1 thru_hole rect (at 0 0 270) (size 1.8 1.8) (drill 0.9) (layers *.Cu *.Mask)
      (net 36 "Net-(D10-Pad1)"))
    (pad 2 thru_hole circle (at 2.54 0 270) (size 1.8 1.8) (drill 0.9) (layers *.Cu *.Mask)
      (net 32 "Net-(D3-Pad2)"))
    (model ${KISYS3DMOD}/LED_THT.3dshapes/LED_D3.0mm.wrl
      (at (xyz 0 0 0))
      (scale (xyz 1 1 1))
      (rotate (xyz 0 0 0))
    )
  )

  (module LED_THT:LED_D3.0mm (layer F.Cu) (tedit 587A3A7B) (tstamp 61C3C2F8)
    (at 182.154 74.923 270)
    (descr "LED, diameter 3.0mm, 2 pins")
    (tags "LED diameter 3.0mm 2 pins")
    (path /619D4CA5)
    (fp_text reference D10 (at 1.27 -2.96 270) (layer F.SilkS)
      (effects (font (size 1 1) (thickness 0.15)))
    )
    (fp_text value yellow (at 1.27 2.96 270) (layer F.Fab)
      (effects (font (size 1 1) (thickness 0.15)))
    )
    (fp_line (start 3.7 -2.25) (end -1.15 -2.25) (layer F.CrtYd) (width 0.05))
    (fp_line (start 3.7 2.25) (end 3.7 -2.25) (layer F.CrtYd) (width 0.05))
    (fp_line (start -1.15 2.25) (end 3.7 2.25) (layer F.CrtYd) (width 0.05))
    (fp_line (start -1.15 -2.25) (end -1.15 2.25) (layer F.CrtYd) (width 0.05))
    (fp_line (start -0.29 1.08) (end -0.29 1.236) (layer F.SilkS) (width 0.12))
    (fp_line (start -0.29 -1.236) (end -0.29 -1.08) (layer F.SilkS) (width 0.12))
    (fp_line (start -0.23 -1.16619) (end -0.23 1.16619) (layer F.Fab) (width 0.1))
    (fp_circle (center 1.27 0) (end 2.77 0) (layer F.Fab) (width 0.1))
    (fp_arc (start 1.27 0) (end 0.229039 1.08) (angle -87.9) (layer F.SilkS) (width 0.12))
    (fp_arc (start 1.27 0) (end 0.229039 -1.08) (angle 87.9) (layer F.SilkS) (width 0.12))
    (fp_arc (start 1.27 0) (end -0.29 1.235516) (angle -108.8) (layer F.SilkS) (width 0.12))
    (fp_arc (start 1.27 0) (end -0.29 -1.235516) (angle 108.8) (layer F.SilkS) (width 0.12))
    (fp_arc (start 1.27 0) (end -0.23 -1.16619) (angle 284.3) (layer F.Fab) (width 0.1))
    (pad 2 thru_hole circle (at 2.54 0 270) (size 1.8 1.8) (drill 0.9) (layers *.Cu *.Mask)
      (net 33 "Net-(D10-Pad2)"))
    (pad 1 thru_hole rect (at 0 0 270) (size 1.8 1.8) (drill 0.9) (layers *.Cu *.Mask)
      (net 36 "Net-(D10-Pad1)"))
    (model ${KISYS3DMOD}/LED_THT.3dshapes/LED_D3.0mm.wrl
      (at (xyz 0 0 0))
      (scale (xyz 1 1 1))
      (rotate (xyz 0 0 0))
    )
  )

  (module LED_THT:LED_D3.0mm (layer F.Cu) (tedit 587A3A7B) (tstamp 61C3C2E6)
    (at 192.695 74.923 270)
    (descr "LED, diameter 3.0mm, 2 pins")
    (tags "LED diameter 3.0mm 2 pins")
    (path /619D4C9E)
    (fp_text reference D11 (at 1.27 -2.96 270) (layer F.SilkS)
      (effects (font (size 1 1) (thickness 0.15)))
    )
    (fp_text value yellow (at 1.27 2.96 270) (layer F.Fab)
      (effects (font (size 1 1) (thickness 0.15)))
    )
    (fp_arc (start 1.27 0) (end -0.23 -1.16619) (angle 284.3) (layer F.Fab) (width 0.1))
    (fp_arc (start 1.27 0) (end -0.29 -1.235516) (angle 108.8) (layer F.SilkS) (width 0.12))
    (fp_arc (start 1.27 0) (end -0.29 1.235516) (angle -108.8) (layer F.SilkS) (width 0.12))
    (fp_arc (start 1.27 0) (end 0.229039 -1.08) (angle 87.9) (layer F.SilkS) (width 0.12))
    (fp_arc (start 1.27 0) (end 0.229039 1.08) (angle -87.9) (layer F.SilkS) (width 0.12))
    (fp_circle (center 1.27 0) (end 2.77 0) (layer F.Fab) (width 0.1))
    (fp_line (start -0.23 -1.16619) (end -0.23 1.16619) (layer F.Fab) (width 0.1))
    (fp_line (start -0.29 -1.236) (end -0.29 -1.08) (layer F.SilkS) (width 0.12))
    (fp_line (start -0.29 1.08) (end -0.29 1.236) (layer F.SilkS) (width 0.12))
    (fp_line (start -1.15 -2.25) (end -1.15 2.25) (layer F.CrtYd) (width 0.05))
    (fp_line (start -1.15 2.25) (end 3.7 2.25) (layer F.CrtYd) (width 0.05))
    (fp_line (start 3.7 2.25) (end 3.7 -2.25) (layer F.CrtYd) (width 0.05))
    (fp_line (start 3.7 -2.25) (end -1.15 -2.25) (layer F.CrtYd) (width 0.05))
    (pad 1 thru_hole rect (at 0 0 270) (size 1.8 1.8) (drill 0.9) (layers *.Cu *.Mask)
      (net 36 "Net-(D10-Pad1)"))
    (pad 2 thru_hole circle (at 2.54 0 270) (size 1.8 1.8) (drill 0.9) (layers *.Cu *.Mask)
      (net 34 "Net-(D11-Pad2)"))
    (model ${KISYS3DMOD}/LED_THT.3dshapes/LED_D3.0mm.wrl
      (at (xyz 0 0 0))
      (scale (xyz 1 1 1))
      (rotate (xyz 0 0 0))
    )
  )

  (module LED_THT:LED_D3.0mm (layer F.Cu) (tedit 587A3A7B) (tstamp 61C3C2D4)
    (at 203.327 74.93 270)
    (descr "LED, diameter 3.0mm, 2 pins")
    (tags "LED diameter 3.0mm 2 pins")
    (path /619D4C90)
    (fp_text reference D12 (at 1.27 -2.96 270) (layer F.SilkS)
      (effects (font (size 1 1) (thickness 0.15)))
    )
    (fp_text value yellow (at 1.27 2.96 270) (layer F.Fab)
      (effects (font (size 1 1) (thickness 0.15)))
    )
    (fp_line (start 3.7 -2.25) (end -1.15 -2.25) (layer F.CrtYd) (width 0.05))
    (fp_line (start 3.7 2.25) (end 3.7 -2.25) (layer F.CrtYd) (width 0.05))
    (fp_line (start -1.15 2.25) (end 3.7 2.25) (layer F.CrtYd) (width 0.05))
    (fp_line (start -1.15 -2.25) (end -1.15 2.25) (layer F.CrtYd) (width 0.05))
    (fp_line (start -0.29 1.08) (end -0.29 1.236) (layer F.SilkS) (width 0.12))
    (fp_line (start -0.29 -1.236) (end -0.29 -1.08) (layer F.SilkS) (width 0.12))
    (fp_line (start -0.23 -1.16619) (end -0.23 1.16619) (layer F.Fab) (width 0.1))
    (fp_circle (center 1.27 0) (end 2.77 0) (layer F.Fab) (width 0.1))
    (fp_arc (start 1.27 0) (end 0.229039 1.08) (angle -87.9) (layer F.SilkS) (width 0.12))
    (fp_arc (start 1.27 0) (end 0.229039 -1.08) (angle 87.9) (layer F.SilkS) (width 0.12))
    (fp_arc (start 1.27 0) (end -0.29 1.235516) (angle -108.8) (layer F.SilkS) (width 0.12))
    (fp_arc (start 1.27 0) (end -0.29 -1.235516) (angle 108.8) (layer F.SilkS) (width 0.12))
    (fp_arc (start 1.27 0) (end -0.23 -1.16619) (angle 284.3) (layer F.Fab) (width 0.1))
    (pad 2 thru_hole circle (at 2.54 0 270) (size 1.8 1.8) (drill 0.9) (layers *.Cu *.Mask)
      (net 35 "Net-(D12-Pad2)"))
    (pad 1 thru_hole rect (at 0 0 270) (size 1.8 1.8) (drill 0.9) (layers *.Cu *.Mask)
      (net 36 "Net-(D10-Pad1)"))
    (model ${KISYS3DMOD}/LED_THT.3dshapes/LED_D3.0mm.wrl
      (at (xyz 0 0 0))
      (scale (xyz 1 1 1))
      (rotate (xyz 0 0 0))
    )
  )

  (module LED_THT:LED_D3.0mm (layer F.Cu) (tedit 587A3A7B) (tstamp 61C3C2C2)
    (at 87.249 100.33 270)
    (descr "LED, diameter 3.0mm, 2 pins")
    (tags "LED diameter 3.0mm 2 pins")
    (path /61A07F77)
    (fp_text reference D13 (at 1.27 -2.96 270) (layer F.SilkS)
      (effects (font (size 1 1) (thickness 0.15)))
    )
    (fp_text value Red (at 1.27 2.96 270) (layer F.Fab)
      (effects (font (size 1 1) (thickness 0.15)))
    )
    (fp_arc (start 1.27 0) (end -0.23 -1.16619) (angle 284.3) (layer F.Fab) (width 0.1))
    (fp_arc (start 1.27 0) (end -0.29 -1.235516) (angle 108.8) (layer F.SilkS) (width 0.12))
    (fp_arc (start 1.27 0) (end -0.29 1.235516) (angle -108.8) (layer F.SilkS) (width 0.12))
    (fp_arc (start 1.27 0) (end 0.229039 -1.08) (angle 87.9) (layer F.SilkS) (width 0.12))
    (fp_arc (start 1.27 0) (end 0.229039 1.08) (angle -87.9) (layer F.SilkS) (width 0.12))
    (fp_circle (center 1.27 0) (end 2.77 0) (layer F.Fab) (width 0.1))
    (fp_line (start -0.23 -1.16619) (end -0.23 1.16619) (layer F.Fab) (width 0.1))
    (fp_line (start -0.29 -1.236) (end -0.29 -1.08) (layer F.SilkS) (width 0.12))
    (fp_line (start -0.29 1.08) (end -0.29 1.236) (layer F.SilkS) (width 0.12))
    (fp_line (start -1.15 -2.25) (end -1.15 2.25) (layer F.CrtYd) (width 0.05))
    (fp_line (start -1.15 2.25) (end 3.7 2.25) (layer F.CrtYd) (width 0.05))
    (fp_line (start 3.7 2.25) (end 3.7 -2.25) (layer F.CrtYd) (width 0.05))
    (fp_line (start 3.7 -2.25) (end -1.15 -2.25) (layer F.CrtYd) (width 0.05))
    (pad 1 thru_hole rect (at 0 0 270) (size 1.8 1.8) (drill 0.9) (layers *.Cu *.Mask)
      (net 37 "Net-(D13-Pad1)"))
    (pad 2 thru_hole circle (at 2.54 0 270) (size 1.8 1.8) (drill 0.9) (layers *.Cu *.Mask)
      (net 21 +5V))
    (model ${KISYS3DMOD}/LED_THT.3dshapes/LED_D3.0mm.wrl
      (at (xyz 0 0 0))
      (scale (xyz 1 1 1))
      (rotate (xyz 0 0 0))
    )
  )

  (module LED_THT:LED_D3.0mm (layer F.Cu) (tedit 587A3A7B) (tstamp 61C3CEA6)
    (at 145.161 100.33 270)
    (descr "LED, diameter 3.0mm, 2 pins")
    (tags "LED diameter 3.0mm 2 pins")
    (path /61A07FCF)
    (fp_text reference D14 (at 1.27 -2.96 270) (layer F.SilkS)
      (effects (font (size 1 1) (thickness 0.15)))
    )
    (fp_text value red (at 1.27 2.96 270) (layer F.Fab)
      (effects (font (size 1 1) (thickness 0.15)))
    )
    (fp_line (start 3.7 -2.25) (end -1.15 -2.25) (layer F.CrtYd) (width 0.05))
    (fp_line (start 3.7 2.25) (end 3.7 -2.25) (layer F.CrtYd) (width 0.05))
    (fp_line (start -1.15 2.25) (end 3.7 2.25) (layer F.CrtYd) (width 0.05))
    (fp_line (start -1.15 -2.25) (end -1.15 2.25) (layer F.CrtYd) (width 0.05))
    (fp_line (start -0.29 1.08) (end -0.29 1.236) (layer F.SilkS) (width 0.12))
    (fp_line (start -0.29 -1.236) (end -0.29 -1.08) (layer F.SilkS) (width 0.12))
    (fp_line (start -0.23 -1.16619) (end -0.23 1.16619) (layer F.Fab) (width 0.1))
    (fp_circle (center 1.27 0) (end 2.77 0) (layer F.Fab) (width 0.1))
    (fp_arc (start 1.27 0) (end 0.229039 1.08) (angle -87.9) (layer F.SilkS) (width 0.12))
    (fp_arc (start 1.27 0) (end 0.229039 -1.08) (angle 87.9) (layer F.SilkS) (width 0.12))
    (fp_arc (start 1.27 0) (end -0.29 1.235516) (angle -108.8) (layer F.SilkS) (width 0.12))
    (fp_arc (start 1.27 0) (end -0.29 -1.235516) (angle 108.8) (layer F.SilkS) (width 0.12))
    (fp_arc (start 1.27 0) (end -0.23 -1.16619) (angle 284.3) (layer F.Fab) (width 0.1))
    (pad 2 thru_hole circle (at 2.54 0 270) (size 1.8 1.8) (drill 0.9) (layers *.Cu *.Mask)
      (net 21 +5V))
    (pad 1 thru_hole rect (at 0 0 270) (size 1.8 1.8) (drill 0.9) (layers *.Cu *.Mask)
      (net 37 "Net-(D13-Pad1)"))
    (model ${KISYS3DMOD}/LED_THT.3dshapes/LED_D3.0mm.wrl
      (at (xyz 0 0 0))
      (scale (xyz 1 1 1))
      (rotate (xyz 0 0 0))
    )
  )

  (module LED_THT:LED_D3.0mm (layer F.Cu) (tedit 587A3A7B) (tstamp 61C3C29E)
    (at 183.769 100.33 270)
    (descr "LED, diameter 3.0mm, 2 pins")
    (tags "LED diameter 3.0mm 2 pins")
    (path /61A08183)
    (fp_text reference D19 (at 1.27 -2.96 270) (layer F.SilkS)
      (effects (font (size 1 1) (thickness 0.15)))
    )
    (fp_text value red (at 1.27 2.96 270) (layer F.Fab)
      (effects (font (size 1 1) (thickness 0.15)))
    )
    (fp_arc (start 1.27 0) (end -0.23 -1.16619) (angle 284.3) (layer F.Fab) (width 0.1))
    (fp_arc (start 1.27 0) (end -0.29 -1.235516) (angle 108.8) (layer F.SilkS) (width 0.12))
    (fp_arc (start 1.27 0) (end -0.29 1.235516) (angle -108.8) (layer F.SilkS) (width 0.12))
    (fp_arc (start 1.27 0) (end 0.229039 -1.08) (angle 87.9) (layer F.SilkS) (width 0.12))
    (fp_arc (start 1.27 0) (end 0.229039 1.08) (angle -87.9) (layer F.SilkS) (width 0.12))
    (fp_circle (center 1.27 0) (end 2.77 0) (layer F.Fab) (width 0.1))
    (fp_line (start -0.23 -1.16619) (end -0.23 1.16619) (layer F.Fab) (width 0.1))
    (fp_line (start -0.29 -1.236) (end -0.29 -1.08) (layer F.SilkS) (width 0.12))
    (fp_line (start -0.29 1.08) (end -0.29 1.236) (layer F.SilkS) (width 0.12))
    (fp_line (start -1.15 -2.25) (end -1.15 2.25) (layer F.CrtYd) (width 0.05))
    (fp_line (start -1.15 2.25) (end 3.7 2.25) (layer F.CrtYd) (width 0.05))
    (fp_line (start 3.7 2.25) (end 3.7 -2.25) (layer F.CrtYd) (width 0.05))
    (fp_line (start 3.7 -2.25) (end -1.15 -2.25) (layer F.CrtYd) (width 0.05))
    (pad 1 thru_hole rect (at 0 0 270) (size 1.8 1.8) (drill 0.9) (layers *.Cu *.Mask)
      (net 38 "Net-(D16-Pad1)"))
    (pad 2 thru_hole circle (at 2.54 0 270) (size 1.8 1.8) (drill 0.9) (layers *.Cu *.Mask)
      (net 21 +5V))
    (model ${KISYS3DMOD}/LED_THT.3dshapes/LED_D3.0mm.wrl
      (at (xyz 0 0 0))
      (scale (xyz 1 1 1))
      (rotate (xyz 0 0 0))
    )
  )

  (module LED_THT:LED_D3.0mm (layer F.Cu) (tedit 587A3A7B) (tstamp 61C3E5E3)
    (at 106.553 100.33 270)
    (descr "LED, diameter 3.0mm, 2 pins")
    (tags "LED diameter 3.0mm 2 pins")
    (path /61A0808B)
    (fp_text reference D16 (at 1.27 -2.96 270) (layer F.SilkS)
      (effects (font (size 1 1) (thickness 0.15)))
    )
    (fp_text value red (at 1.27 2.96 270) (layer F.Fab)
      (effects (font (size 1 1) (thickness 0.15)))
    )
    (fp_line (start 3.7 -2.25) (end -1.15 -2.25) (layer F.CrtYd) (width 0.05))
    (fp_line (start 3.7 2.25) (end 3.7 -2.25) (layer F.CrtYd) (width 0.05))
    (fp_line (start -1.15 2.25) (end 3.7 2.25) (layer F.CrtYd) (width 0.05))
    (fp_line (start -1.15 -2.25) (end -1.15 2.25) (layer F.CrtYd) (width 0.05))
    (fp_line (start -0.29 1.08) (end -0.29 1.236) (layer F.SilkS) (width 0.12))
    (fp_line (start -0.29 -1.236) (end -0.29 -1.08) (layer F.SilkS) (width 0.12))
    (fp_line (start -0.23 -1.16619) (end -0.23 1.16619) (layer F.Fab) (width 0.1))
    (fp_circle (center 1.27 0) (end 2.77 0) (layer F.Fab) (width 0.1))
    (fp_arc (start 1.27 0) (end 0.229039 1.08) (angle -87.9) (layer F.SilkS) (width 0.12))
    (fp_arc (start 1.27 0) (end 0.229039 -1.08) (angle 87.9) (layer F.SilkS) (width 0.12))
    (fp_arc (start 1.27 0) (end -0.29 1.235516) (angle -108.8) (layer F.SilkS) (width 0.12))
    (fp_arc (start 1.27 0) (end -0.29 -1.235516) (angle 108.8) (layer F.SilkS) (width 0.12))
    (fp_arc (start 1.27 0) (end -0.23 -1.16619) (angle 284.3) (layer F.Fab) (width 0.1))
    (pad 2 thru_hole circle (at 2.54 0 270) (size 1.8 1.8) (drill 0.9) (layers *.Cu *.Mask)
      (net 21 +5V))
    (pad 1 thru_hole rect (at 0 0 270) (size 1.8 1.8) (drill 0.9) (layers *.Cu *.Mask)
      (net 38 "Net-(D16-Pad1)"))
    (model ${KISYS3DMOD}/LED_THT.3dshapes/LED_D3.0mm.wrl
      (at (xyz 0 0 0))
      (scale (xyz 1 1 1))
      (rotate (xyz 0 0 0))
    )
  )

  (module LED_THT:LED_D3.0mm (layer F.Cu) (tedit 587A3A7B) (tstamp 61C3CF12)
    (at 125.857 100.33 270)
    (descr "LED, diameter 3.0mm, 2 pins")
    (tags "LED diameter 3.0mm 2 pins")
    (path /61A080DF)
    (fp_text reference D17 (at 1.27 -2.96 270) (layer F.SilkS)
      (effects (font (size 1 1) (thickness 0.15)))
    )
    (fp_text value red (at 1.27 2.96 270) (layer F.Fab)
      (effects (font (size 1 1) (thickness 0.15)))
    )
